462.5
183.42
462.46
189.33
469.98
183.26
469.19
232.11
216.26
282.68
201.63
176.44
217.93
385.05
220.53
449.98
383.23
290.49
403.9
374.08
318.75
195.45
213.06
227.17
390.45
232.64
224.09
225.45
207.46
382.44
295.82
310.34
307.64
211.94
224.47
228.17
320.69
192.08
373.28
320.78
190.34
228.86
236.36
304.73
188.55
198.83
433.33
211.17
302.72
262.73
370.01
352.34
206.56
383.58
355.52
329.97
422.87
304.42
194.6
391.65
181.35
230.88
238.11
217.6
396.0
308.0
272.5
384.79
441.12
451.33
261.91
313.94
180.57
463.21
226.83
374.89
182.57
319.87
313.41
226.58
230.56
229.71
219.24
181.7
307.22
396.73
210.36
240.67
217.87
276.02
225.58
278.65
373.83
209.78
309.41
301.29
327.88
241.86
297.67
311.47
830.75
1496.67
850.73
1693.76
1252.58
624.09
1315.62
1456.35
782.38
1385.41
733.48
1558.33
1437.18
1566.93
1572.96
1433.96
801.64
725.72
1280.63
722.55
1625.8
1650.9
758.66
1130.29
764.07
1656.38
812.13
765.37
618.24
797.25
1483.31
955.4
997.71
826.57
1389.37
775.8
1105.11
1388.78
1496.95
895.42
644.58
986.59
1109.29
813.3
981.81
1377.25
1640.07
1454.75
840.72
1441.69
822.9
1508.69
1044.17
1458.57
1331.46
807.28
1186.95
1214.19
793.79
726.46
1345.68
570.1
1118.37
894.73
1499.44
1365.77
797.54
737.17
1610.91
460.15
747.15
940.83
832.01
1169.52
1194.76
1380.74
1497.85
766.76
709.98
763.2
1491.49
1275.67
827.58
1660.97
1006.61
1105.02
766.86
840.2
820.13
1412.72
1564.94
1285.54
956.62
560.93
535.84
1175.74
966.07
710.21
716.97
888.27
1909.69
1587.46
1564.61
1066.38
1470.62
2041.84
1161.39
1018.73
1186.63
1693.37
1554.57
1349.71
1508.0
1133.28
1763.83
1716.78
1597.48
1139.29
1926.3
1493.29
1066.79
1389.2
1911.8
1714.25
1669.99
1443.78
1340.61
1742.76
1011.15
1643.19
636.49
1548.86
1155.82
1653.92
1091.41
1761.57
1132.85
1636.17
1641.41
1514.19
1162.97
1520.79
799.26
1607.8
1696.38
1721.92
2030.24
1807.02
1588.04
1740.96
1250.51
1230.15
1936.89
1589.1
1880.39
1130.29
1509.62
923.46
1627.69
1215.14
1546.41
1691.24
1792.04
1251.87
1573.0
1735.59
1690.64
1260.62
1440.0
1892.86
1618.83
1769.97
1510.48
1154.74
1011.18
925.96
1871.86
1424.4
1559.05
931.48
2006.48
1169.14
1558.12
1975.27
1511.38
1929.7
1827.91
1146.18
1649.31
1176.41
2033.32
1899.58
2052.98
1940.45
1130.87
1480.24
972.66
1827.45
1653.54
1678.82
1425.96
994.12
1311.95
785.54
1412.21
801.16
987.15
1463.67
1399.22
1536.95
880.82
1296.54
1141.13
1226.58
1243.92
864.18
1015.0
629.9
1149.16
1091.63
1505.73
817.13
757.12
1378.52
1497.22
1181.29
1207.42
1518.55
1159.33
942.61
620.89
671.87
690.63
1849.12
1328.81
763.58
748.5
668.52
951.75
1048.24
712.94
830.21
1299.89
1380.83
918.51
1051.92
1312.85
664.04
849.17
1121.69
1652.78
1003.12
688.09
1110.63
631.0
713.85
1351.08
1372.68
604.83
698.45
735.64
1155.45
1805.03
1317.31
645.96
1555.22
1470.78
816.96
746.3
1200.41
1000.52
1134.49
1386.89
1281.17
1333.23
1055.2
1407.06
656.48
751.71
1230.31
759.09
980.09
1316.56
558.89
1171.07
762.53
1841.18
559.91
847.96
1373.1
675.6
970.48
703.52
1393.98
1739.94
1094.84
1344.36
816.19
1128.09
1667.46
960.82
694.99
872.74
1072.52
829.28
564.62
966.67
918.55
514.98
1161.58
672.65
1079.64
752.35
1003.2
792.7
623.59
1198.75
588.19
1412.7
520.55
1070.2
553.64
812.74
844.62
743.5
817.24
1218.44
807.15
546.9
1399.51
521.72
738.47
1046.79
994.29
595.47
1586.07
853.41
880.77
765.87
990.31
1035.89
906.69
558.66
635.15
573.82
1148.35
621.3
786.28
1125.87
676.34
321.83
317.06
335.16
689.72
1167.29
575.29
882.75
768.87
464.67
921.82
851.91
783.29
842.93
695.25
1186.28
533.39
889.26
1135.07
1233.75
321.29
761.55
846.97
1115.61
1100.27
735.69
798.73
1025.6
1098.29
846.6
406.73
573.99
714.48
327.21
322.81
778.08
686.81
1151.26
850.22
755.96
1120.02
549.78
610.34
391.19
762.85
341.22
329.26
1023.42
749.52
791.72
769.58
971.91
842.23
670.25
302.37
994.71
301.3
805.0
576.36
830.36
623.16
847.41
761.46
596.71
462.86
305.67
782.79
770.81
1208.72
854.54
468.46
1009.53
763.18
1216.54
445.7
625.07
514.1
655.54
846.74
849.37
389.56
609.66
965.25
813.9
675.57
322.64
911.32
1036.74
340.79
1129.81
611.78
981.75
979.13
732.73
318.63
513.15
399.63
1172.62
1130.31
398.14
782.97
1468.9
1173.19
1230.15
1433.05
1173.28
522.6
670.53
724.42
1164.75
1404.95
800.21
1362.74
915.13
604.41
1426.95
678.01
716.37
614.08
899.27
1380.71
594.76
587.55
793.3
1487.7
1302.98
742.18
1464.6
730.8
1307.25
619.51
653.14
1118.86
609.65
612.92
804.97
1462.74
1348.31
952.57
1118.17
1298.13
1497.2
886.06
1063.11
1505.77
765.57
1438.38
1334.34
1293.27
787.65
1220.96
1462.15
711.02
1534.12
1360.91
586.85
1408.63
758.03
579.45
764.24
1463.87
824.24
1112.38
1153.43
1485.36
1380.98
785.61
1103.18
1211.32
1423.76
705.62
1513.3
514.73
1359.04
550.29
890.16
1213.6
1324.26
719.94
1471.35
1041.94
787.74
631.11
761.57
1482.88
882.98
634.4
1475.68
1367.84
818.38
1459.98
524.6
967.74
629.52
962.54
961.38
1150.39
585.6
1311.35
1394.79
756.75
1793.72
1950.37
2010.66
1928.77
1803.67
1986.08
1970.38
1948.53
2047.53
1966.16
1992.62
1969.31
1721.08
1962.66
1879.82
1942.02
1847.86
1996.0
1880.32
1829.2
1770.95
1755.69
1922.36
1910.93
2022.23
1918.02
1887.71
2074.84
1752.64
2049.12
1837.91
1850.6
1953.22
1925.84
2043.3
1779.44
1809.92
1916.77
1917.97
1721.27
1830.04
2012.85
1953.26
1771.93
1786.49
1908.63
1877.21
1804.46
2151.52
2092.66
1830.0
1967.51
1862.28
1896.42
1939.33
1850.33
1953.76
2110.63
1906.61
1952.17
1842.15
1859.17
1790.75
1906.14
1945.08
1876.78
1946.55
1782.22
1982.7
1799.17
2117.7
1899.77
1857.97
1951.35
1874.29
2069.02
1837.13
2044.53
1923.88
1854.96
1926.3
1795.12
1916.84
1907.67
1983.19
1841.37
1888.21
1820.74
1889.47
2020.77
1816.05
1948.95
2082.51
1828.37
1984.77
1817.97
1928.56
2056.84
1794.79
1851.26
1324.34
1194.09
972.58
1859.42
1448.62
783.18
1228.03
1325.19
659.42
1222.23
2137.71
1540.71
1782.88
1748.3
1523.79
1956.15
1696.83
1795.02
1813.85
1387.69
1381.71
2161.21
1742.01
1778.97
1483.11
1440.24
1587.18
842.62
1952.72
1454.95
1704.4
1567.0
1824.93
1115.99
1503.46
2009.78
624.52
1828.58
1671.99
450.0
1915.05
2020.95
1156.99
698.08
1303.91
1690.04
1864.94
734.94
1615.4
1401.52
1535.96
1465.1
1228.59
2104.55
1578.04
1008.18
1512.29
1927.76
1257.4
1874.44
1296.6
1131.98
893.35
209.01
1374.27
1265.81
1164.78
1954.25
1349.81
875.51
1555.09
1364.69
1401.52
540.56
1533.15
1593.05
1468.59
1597.06
633.47
1618.24
1188.6
1047.18
1492.09
1848.8
596.25
1639.7
1466.78
1676.09
920.48
1792.29
2093.96
789.76
1353.08
1321.78
1506.28
1688.47
1798.23
1272.46
1010.1
1153.78
1429.42
1815.03
1555.41
1759.88
1852.63
1820.95
1826.36
1817.59
1308.74
1694.09
1330.96
1175.89
1146.24
1460.59
1398.88
1277.68
1518.45
1406.19
1353.9
1613.22
1009.33
1659.71
1799.96
1156.72
1217.5
2141.41
1160.04
1667.85
1531.51
1835.29
541.22
1408.68
1359.37
1114.83
610.62
1465.47
1060.05
1150.48
1752.59
1203.62
793.9
1359.31
778.31
1793.86
1006.71
1915.46
1910.2
1096.95
830.27
1733.4
1614.77
1577.32
1918.04
2151.46
1514.47
719.08
1554.14
656.6
1286.33
1882.36
1869.65
678.99
642.95
1362.41
1618.85
1067.51
797.69
1656.75
1464.36
2053.62
1797.58
1846.52
948.41
1758.04
1249.29
1429.03
1688.11
1934.67
1674.72
1611.11
940.1
1815.55
1891.46
1559.19
1604.8
1430.2
617.42
1045.73
766.01
1512.15
1928.29
1934.45
1342.04
1463.98
1120.01
1491.88
1699.39
1720.58
1294.25
1663.68
1507.42
1371.43
1892.52
1517.87
1001.43
1639.15
1381.92
1527.43
1592.15
1929.54
1491.82
1699.49
1709.95
1499.91
1636.83
2138.2
1786.18
2053.28
1526.69
990.63
1111.67
2110.11
1948.76
1921.04
1317.64
1651.53
850.77
529.1
1441.17
1579.67
1186.81
1018.79
1206.74
1879.1
1943.21
1581.08
1673.61
1959.11
2008.38
1763.14
1544.13
1625.03
1810.73
1460.26
1988.74
1451.59
1314.8
1830.47
1780.01
1852.83
659.5
703.68
1911.61
1597.55
1714.7
2042.0
1581.53
1888.96
1609.71
1985.21
1204.51
1796.22
771.29
1543.36
1664.26
1633.07
1274.37
1519.32
889.2
1930.07
1646.21
739.6
1567.21
1787.12
740.41
1255.92
1637.06
1832.27
1769.44
1313.9
1032.97
990.03
976.86
1471.17
1410.36
812.48
1784.26
1085.42
1118.98
1773.78
1539.77
1040.5
1819.45
1242.41
1113.37
1508.89
587.09
1311.85
1186.68
1683.01
747.76
1314.5
940.72
1872.9
1403.84
1478.28
1765.54
1698.23
846.37
1854.16
1705.52
1128.09
1156.99
1674.67
1573.48
1232.07
1693.51
1737.73
1643.49
1627.26
1465.74
1736.93
722.42
1411.23
1296.94
1607.04
1177.96
1609.65
1775.84
991.32
1505.81
1189.44
1687.85
1614.49
1360.12
605.98
1225.26
1895.26
1629.57
837.37
1809.6
1392.9
1181.83
1779.15
1522.6
1407.24
541.92
1109.26
1840.43
1614.88
979.55
1017.1
1813.52
1159.69
1328.95
1731.89
1622.28
1491.6
849.61
1779.9
1589.28
1754.66
1779.86
1362.85
1504.27
1601.76
1833.97
772.13
1664.92
1726.87
1498.48
1382.77
1792.15
778.79
1647.71
1453.74
1866.74
1962.98
1570.63
1540.25
1440.03
1833.7
1675.68
968.55
1071.18
1239.16
1229.04
1450.73
1757.99
2077.76
1497.61
1249.51
1210.1
1112.04
1518.54
1193.33
1975.87
1667.01
1755.3
1231.23
1658.33
1580.39
298.52
2079.07
1365.77
1629.77
1623.74
1836.97
1823.31
879.6
626.07
1142.5
734.87
1763.89
1768.49
1922.82
497.73
1351.06
1699.14
1532.42
1603.12
1493.8
1197.65
1786.69
1142.24
1590.44
1691.79
1507.6
1954.5
1697.83
662.46
1578.36
616.43
1625.55
1785.22
1732.9
845.16
1475.94
1304.28
939.39
1608.26
862.0
1659.44
1662.07
1664.71
1940.75
1791.46
1506.29
1203.99
1148.51
1679.29
1243.14
1572.46
1422.14
717.89
1138.23
1345.63
1026.69
1796.62
1351.19
1998.68
501.7
1772.98
1464.26
1865.72
1629.53
407.97
767.76
1791.03
653.84
1001.22
1492.49
1456.61
1729.05
1327.15
1790.62
1323.43
1734.71
805.34
1510.16
1400.83
1119.38
1508.68
1600.9
1517.34
476.32
1150.31
795.21
1382.77
1558.98
1086.23
1118.36
961.95
1108.17
1117.37
1569.06
1865.01
1936.29
1940.72
1338.98
1942.98
1805.17
987.72
1254.81
745.65
1064.53
1522.62
1178.32
1737.57
1803.55
1529.08
766.8
1526.38
1220.71
1671.43
1691.63
1921.35
1194.15
1716.32
849.4
1564.1
1258.14
1099.39
1696.42
1361.28
1610.48
1819.14
924.75
1265.81
1571.18
638.98
1593.25
1340.66
902.28
1874.37
1497.86
2063.78
1200.29
570.65
1117.21
1502.72
1852.48
1773.5
1712.4
1383.82
1342.43
1642.38
1661.18
1390.18
1463.85
1907.6
1365.48
1593.84
1412.51
1683.38
1844.6
1829.76
1841.76
1218.02
1081.08
1056.59
1437.57
1565.29
951.94
1868.45
1574.53
797.41
1495.62
1959.44
1496.19
1169.96
1049.11
1490.75
1238.39
784.96
1362.11
823.41
1348.25
1220.1
1210.68
1617.7
925.74
1284.85
1223.93
1081.74
1525.05
1576.69
774.33
1703.35
1165.68
518.9
1384.98
928.34
1429.46
1100.03
1659.14
1215.8
1433.67
1183.54
1727.65
1159.86
1600.57
1213.03
1608.76
1914.65
2083.66
1665.73
1248.69
656.18
1735.46
1509.57
1520.32
1401.13
1618.64
1918.82
1544.34
1508.0
1493.4
1055.06
2029.24
1791.62
1869.37
1151.33
1385.82
1629.19
1620.52
1487.8
691.5
1817.61
1394.83
1760.83
1354.95
790.73
1711.78
1797.35
1339.79
1854.8
1529.6
1590.27
738.94
1471.18
2106.18
1460.36
1677.68
1885.75
1652.43
1473.31
1808.84
1500.99
1543.38
1495.6
1515.55
1523.58
2097.96
927.66
741.08
1820.26
1489.62
1250.76
446.23
1342.49
817.32
933.75
1780.3
930.86
1520.61
1734.35
1778.41
1390.0
1912.5
1376.62
1131.21
1380.18
1723.07
1522.52
1658.72
1614.11
1328.48
981.92
1505.12
1522.01
1269.29
1473.51
1701.94
1609.43
1182.28
1674.23
1457.09
1619.15
1791.63
1087.37
1953.9
1476.59
1807.0
1033.15
2005.29
1601.65
1951.77
1258.58
1098.32
1919.26
1744.71
1516.6
988.98
1381.8
1830.31
1550.02
1598.55
1380.66
482.48
1645.3
1067.04
1262.52
1253.53
2176.3
1287.85
1383.96
1665.54
997.49
698.65
1345.95
1495.8
1388.28
1555.77
998.13
1119.74
1452.03
1495.35
1486.8
1409.82
1857.31
1482.95
1207.08
948.75
1504.21
1748.13
1583.28
1377.48
1495.29
748.04
1485.79
948.32
757.75
1303.14
1584.66
1591.54
1846.54
1256.54
1709.85
891.77
1602.56
1810.73
1127.65
1931.8
1228.21
1855.56
711.83
569.35
1503.12
1128.83
1815.41
1289.96
1840.85
1584.29
1469.16
1599.87
1211.34
898.82
1819.88
1713.88
609.97
1179.5
810.02
1184.55
905.51
1459.81
1497.34
1540.55
1882.14
638.76
769.11
588.09
1345.88
1098.02
1567.54
970.09
2111.92
1599.13
316.81
1511.41
1202.51
650.18
1198.65
1487.98
871.28
1823.11
1763.57
1651.44
853.28
469.06
1464.22
1002.12
1495.09
1518.7
1157.02
1650.6
408.06
606.19
1689.09
1686.17
763.8
989.21
1150.71
1410.24
1433.57
1356.48
1787.05
472.67
1335.7
838.51
1501.65
1675.67
1772.17
1661.21
1526.88
1895.89
1459.31
1938.23
1242.15
1618.76
774.52
1491.5
1297.75
803.71
1563.11
1653.33
1600.55
1687.64
1474.22
1654.28
1448.59
1171.77
1372.13
1203.88
872.92
1714.01
1622.83
1506.18
1349.75
2054.87
1839.17
1791.29
454.36
1180.61
1220.33
2013.49
1472.05
1082.77
1497.27
956.63
1906.58
1697.91
2116.83
1591.83
1461.02
950.58
2016.46
1653.75
565.11
1303.97
911.46
1348.16
1560.01
1482.69
1488.95
1641.82
1449.55
1728.88
1323.99
1140.54
1443.47
1615.37
801.7
1515.39
1522.39
1041.74
621.56
889.42
1382.63
1133.45
1607.58
1107.3
1796.97
1695.57
642.0
1559.98
1458.4
1409.48
1280.63
1294.41
1770.44
1533.65
1890.99
2106.86
1885.85
1575.88
1386.11
1023.71
1509.69
1447.11
1682.18
1728.33
574.4
1800.16
1904.2
1837.18
1730.56
1310.24
1372.51
1150.78
1260.49
1733.9
745.72
352.57
975.89
537.61
1278.23
1077.59
933.31
723.72
850.75
1616.62
1423.3
615.93
1227.43
1832.42
912.41
1754.14
1808.82
1491.16
1686.02
445.46
1455.75
1484.11
933.1
1250.93
1398.88
1176.77
1962.56
1381.24
1552.23
739.86
2121.35
1193.28
1946.45
1148.73
1440.64
1274.62
1498.79
725.08
1303.38
475.3
1346.33
1697.65
1859.14
513.6
1768.07
701.54
1023.79
987.04
1162.4
1686.08
1407.32
1501.71
1591.98
902.33
605.23
1180.5
1861.97
1756.86
1170.3
2035.91
1869.46
1662.3
966.48
1540.48
1497.85
784.8
1551.25
1144.21
1616.69
1290.59
1468.21
1653.99
1505.37
1442.62
1637.95
1714.5
1623.73
1482.2
1179.48
1549.86
1796.3
1116.49
1695.39
1156.04
883.01
1666.39
1462.35
1940.86
953.23
1165.41
1217.07
1124.49
1814.08
1187.5
1956.73
550.23
1370.22
1505.17
1288.12
1495.78
1761.89
1887.47
1548.23
1167.98
1318.51
1706.17
2072.1
519.25
1946.64
783.46
1024.59
1740.55
1072.81
1481.82
542.62
1851.63
1528.97
1941.92
1933.26
1304.57
1659.22
1521.5
1930.0
1654.57
1419.29
915.49
850.72
1603.38
799.95
1703.09
1369.43
1373.01
2170.54
1609.91
1613.35
1597.89
1122.54
1764.74
1733.35
1906.2
583.13
1090.8
1047.43
1475.33
1774.84
1683.24
1533.25
1799.96
1650.36
1492.91
1604.61
1755.69
1525.56
1921.53
958.51
1368.76
1012.17
1685.89
1693.84
1731.01
679.19
1332.13
824.05
1179.28
1204.8
1207.29
530.3
1415.43
1416.83
1649.05
1139.72
687.47
1128.33
1626.7
574.29
680.71
1643.79
1746.18
1264.66
1713.77
1667.54
1743.85
1597.15
1630.5
1578.69
1317.03
1770.56
1592.01
1236.46
743.36
1155.78
1140.1
1469.56
557.6
1529.95
1835.38
1704.9
1377.67
1466.31
943.43
1723.75
2104.23
1305.39
1182.44
1806.89
1129.79
1337.38
1480.44
1603.08
967.88
1215.65
1848.92
1790.82
1866.61
1363.16
1633.5
1796.92
1606.48
1944.06
1732.41
1575.54
1725.82
1348.96
1849.19
1332.5
1583.16
1326.04
1499.67
1513.86
1449.6
910.7
674.68
1695.18
1609.56
1190.11
1120.74
1134.43
1461.45
1171.03
581.5
755.38
1607.29
1717.81
1483.48
1484.89
1957.86
1911.64
1945.6
1233.61
1551.8
1063.03
1248.02
929.69
1796.34
631.42
1606.94
1085.08
1668.74
1852.31
1323.56
1617.86
997.89
1520.83
1733.51
532.97
1429.72
1243.37
1455.21
1362.67
1537.48
764.36
1424.41
1570.53
245.71
777.95
1946.06
1594.62
797.46
1172.23
1803.2
695.28
755.04
1917.07
1728.49
1629.14
1873.57
1904.38
1308.36
1572.61
1216.84
1810.56
1590.62
1590.12
1597.91
1975.84
635.11
1727.96
1205.35
1571.61
1531.92
850.01
1259.0
1482.68
1506.62
775.12
1471.32
1887.17
1498.24
901.38
1494.04
1359.37
1609.28
1872.99
1878.23
634.25
258.78
830.72
1641.8
1747.47
1840.33
1566.46
1550.09
1812.61
1716.25
1743.45
616.06
1680.54
1856.59
1551.1
1751.31
1924.8
1378.75
1907.95
1426.67
1252.44
1458.87
922.72
1638.03
1529.46
1763.31
1262.64
1528.98
298.14
1920.15
1466.64
1380.49
539.99
821.81
1786.34
1575.72
1717.35
1052.26
1783.91
1420.48
839.72
1752.03
1267.4
914.3
669.24
1215.17
1951.2
1929.31
1429.46
635.86
1151.51
1131.89
905.81
1697.24
1241.73
1370.44
1322.99
1522.31
1427.79
1808.5
855.98
1248.94
1860.23
1650.82
441.2
1931.33
1426.39
2113.45
1789.72
847.73
1130.08
552.96
1684.08
1666.79
773.39
1126.04
1677.59
621.73
1075.07
812.93
1647.96
1545.45
2088.3
947.65
1175.2
1148.12
1528.54
1906.17
697.11
1917.31
1340.97
1475.6
568.93
1583.13
1527.46
1857.89
1762.07
739.1
1637.71
1151.36
1810.89
1422.25
1604.15
1670.18
671.08
1155.71
1074.94
938.94
1482.87
1471.47
1725.77
1467.35
1372.27
1428.14
1203.99
1360.3
1468.34
1942.91
990.93
1833.21
1591.11
1656.67
1483.43
1131.03
1468.79
1910.48
1707.06
855.96
1551.32
1509.02
2033.73
1639.53
1641.65
1742.19
1418.28
1500.78
1631.37
1804.52
1176.59
1530.11
811.9
1727.26
1782.84
493.65
1624.91
1875.23
1844.6
1397.24
1344.04
754.94
1163.42
1818.71
1159.47
1741.47
1203.47
726.63
1429.7
1596.92
1335.66
1764.86
1196.14
421.94
914.46
1764.15
2024.2
1664.05
1613.45
1977.26
1291.24
1557.18
1706.75
1615.68
1292.97
1522.21
1436.15
1648.09
1132.28
1562.47
1439.23
1129.22
925.86
687.09
1792.83
1255.25
1507.98
851.75
1202.63
1491.68
1609.0
1130.2
1314.23
1774.04
785.57
1860.81
987.0
767.01
1690.72
1072.53
1635.91
1901.68
1090.46
1806.07
1841.94
1903.28
744.49
420.33
932.95
1510.48
1736.83
601.73
1848.33
1826.14
1293.26
1620.7
826.95
688.88
1704.21
782.08
213.63
1268.17
1833.28
1719.41
1619.02
1918.56
1695.04
2049.45
1662.5
1380.31
1244.2
1667.93
801.88
1465.39
1500.58
1766.87
1216.55
1640.28
1230.08
1601.25
1477.09
1388.15
1392.14
1154.25
1802.15
1019.67
1728.96
2082.91
772.22
1798.31
222.36
1947.88
1322.51
1710.98
1719.67
1109.12
1776.16
1981.4
1593.01
1590.84
580.85
1524.74
1717.29
1523.43
1372.73
1785.17
968.99
1890.06
1609.32
1210.43
262.76
1844.76
494.06
314.49
1228.99
913.47
1785.31
1784.98
1487.33
1821.02
1583.26
1496.55
1574.96
1063.12
818.41
1668.83
1179.69
1527.4
1280.16
1428.29
1677.89
1643.24
1499.08
655.54
1481.63
1498.02
1782.65
877.42
667.61
1238.24
1170.49
1337.99
1013.39
1642.33
1493.69
1765.03
790.64
1737.72
825.16
1968.29
1875.18
1499.06
1228.45
1491.66
828.71
1922.59
1279.35
902.52
1620.21
1027.93
897.18
602.1
1012.99
519.35
1822.21
1879.76
1625.47
1210.32
1164.86
532.18
1513.48
1703.71
1132.59
461.16
1537.06
1643.85
550.41
1387.69
808.18
902.07
1209.3
2042.17
951.54
406.81
1234.93
1915.78
1456.89
1816.35
1891.54
1164.57
1659.83
1896.78
1266.57
897.79
1104.59
1714.78
1333.77
1601.38
951.61
1552.3
2101.97
1558.11
1166.85
1893.4
1948.0
1362.93
1681.98
1475.03
949.89
1840.65
1355.06
1282.06
1518.48
1753.57
1496.26
532.04
1516.71
797.6
1054.31
230.22
1659.4
1875.06
1751.27
1194.95
1333.07
1716.07
1896.8
1635.4
1267.25
1466.91
642.91
1819.58
1857.84
1046.23
1771.37
1217.82
1727.51
1923.78
1655.04
625.63
873.77
1537.58
1843.52
1469.38
1188.87
1551.93
1391.94
1118.33
1811.67
1581.48
1838.71
1583.79
1037.32
1850.22
1449.16
1646.77
975.26
1571.53
1144.2
950.02
1501.09
1653.78
1539.82
1513.8
1882.75
1182.74
775.73
978.95
1759.13
1597.93
1656.85
1358.6
1207.28
1313.07
719.48
2017.58
1114.59
1908.85
876.63
1582.79
590.41
1384.11
1186.54
1060.61
380.52
1686.9
1714.88
673.08
1164.06
2038.79
1841.89
1219.37
1845.36
1476.95
1578.41
1656.89
1517.36
2105.89
964.43
725.3
1905.86
1619.75
1475.7
1849.14
2131.39
1535.54
1657.55
1604.58
1379.25
1185.01
1236.29
1309.83
1563.67
1471.46
1962.68
1556.78
1574.46
1621.11
1664.33
1302.91
1794.33
1083.57
1375.19
1415.51
1620.58
1973.1
574.59
1033.54
1392.07
1971.03
1781.87
1127.41
1918.47
1647.38
1646.36
1764.35
919.38
895.8
1772.17
331.59
1865.53
1936.76
1912.28
1727.7
1348.07
1518.56
1502.03
1831.53
299.52
1625.5
1169.11
1214.53
1904.42
1296.04
1257.26
1486.43
1620.9
1636.77
1515.47
1599.02
1371.05
1829.53
834.38
1291.28
1110.15
1163.21
738.33
677.86
990.96
1575.33
621.05
1472.98
834.69
1525.46
1834.7
1901.37
1565.53
1894.68
1502.15
1343.09
1678.86
1880.94
1147.8
543.41
1175.39
1779.33
1619.61
1876.73
1882.84
682.83
460.37
1779.79
1179.53
1794.33
990.3
1843.59
1147.73
1589.0
1176.04
1148.59
1354.9
1382.48
1913.22
1280.93
1970.01
1502.43
1474.3
1642.09
1648.88
1895.29
1678.74
1576.44
1169.24
2091.09
1130.21
797.75
1499.58
1287.92
1602.29
870.09
1313.74
1228.46
1657.85
1653.3
1993.24
1218.62
1449.93
1563.44
534.82
1645.68
1579.36
1867.15
1866.23
584.41
571.34
1658.58
1842.54
1124.17
1866.06
797.21
1168.84
1382.34
756.67
2104.81
1405.65
1114.9
1758.55
1901.7
1483.75
1065.06
751.41
1484.2
1581.25
1806.38
1532.98
1684.62
1615.13
1158.15
1819.32
1637.95
1470.09
1923.21
315.52
1716.95
1335.91
1657.65
621.26
745.7
1890.97
1842.86
1235.03
878.54
1545.44
1883.34
1701.02
1301.42
1674.46
1647.69
1253.67
1724.57
1616.09
1488.01
1155.42
1298.3
864.03
1743.76
1960.68
1575.16
1868.66
2123.34
1837.54
1518.63
1655.06
751.5
854.73
1507.95
795.58
1513.19
1464.89
1921.8
1055.8
1664.88
1655.26
1607.77
1708.54
1525.02
1787.72
540.62
952.37
691.19
1401.52
765.42
1863.6
1642.53
2088.39
1575.76
1280.44
1120.83
508.05
939.26
1609.35
1502.07
1656.92
1081.24
880.06
1357.23
1301.33
1534.66
914.08
871.66
1580.93
1503.01
1918.96
876.7
1249.59
481.48
756.48
1644.87
1468.38
1777.9
1540.52
1580.42
1530.48
1813.91
1870.65
1151.39
1898.27
1510.87
1582.04
1008.06
1458.0
1743.59
344.59
1850.77
1805.4
1139.75
1504.57
1070.68
1743.3
1215.01
1481.61
1497.15
1546.14
715.65
1646.29
1605.83
1629.98
1004.9
1013.07
1851.21
731.32
1734.81
1846.09
899.45
1460.18
1878.98
1447.13
814.05
1790.28
1178.23
1199.82
1311.08
1810.97
975.92
1341.22
1957.11
1496.11
1176.69
1645.1
1624.05
1369.73
1001.87
1492.91
1206.87
764.75
1231.44
1427.27
412.42
1638.36
487.82
1529.39
1256.64
1716.18
1633.89
1804.98
1480.37
1539.13
416.88
827.11
1508.72
1869.0
1176.8
1622.56
1860.01
1593.37
1462.09
1473.49
1153.16
1579.53
477.79
2166.26
1446.64
989.49
751.1
714.97
1851.16
1429.5
1455.63
1928.3
1818.74
1369.53
1607.95
1552.57
1049.28
1933.51
1661.56
1615.06
1579.94
1535.11
1961.92
1494.35
1678.57
973.96
908.73
1717.19
1768.83
1374.55
972.93
1978.85
1399.42
1630.88
1609.23
1583.47
1490.85
1142.57
1487.73
1302.86
1886.95
1204.29
1757.17
1672.02
1566.89
2140.77
1310.14
1399.45
1590.24
1598.68
1400.9
825.1
1063.98
1645.79
1424.01
1825.11
1612.09
1270.2
910.26
1204.33
1111.41
1870.05
1550.62
1203.91
1828.74
1365.07
1709.23
2001.38
1917.73
1584.11
1624.97
1644.78
1210.39
540.3
1667.77
2004.13
1804.75
1717.7
2178.83
1642.18
1871.37
1245.77
1098.9
1293.98
1740.43
1615.41
1624.21
1185.43
1660.41
1710.11
915.34
1794.46
1460.7
1936.29
2097.46
1268.19
826.12
1601.15
1805.57
1735.54
1672.42
1028.54
1916.72
1826.47
1800.39
1317.3
1604.74
1940.28
412.67
639.96
1390.45
874.09
1404.81
1092.43
1792.37
1117.37
1171.36
1083.24
1190.57
1684.65
1658.44
1327.37
1160.15
1708.75
1599.98
1530.17
954.37
1947.67
1469.57
1499.42
1307.04
1501.83
1733.82
1304.09
1151.2
478.95
845.14
1505.82
904.25
1482.69
1525.87
1548.77
2072.23
1888.84
1770.54
1587.53
1673.34
1451.13
1895.96
1473.7
1604.78
1839.41
1943.5
1421.76
1744.53
1562.67
1584.92
1810.74
992.46
1120.08
1998.73
2066.42
1427.99
953.59
1678.92
1966.28
1549.11
1643.02
1526.08
1949.42
935.05
1658.55
730.9
1272.02
1609.89
701.23
1488.88
1611.31
1905.31
1790.7
1653.69
1148.44
1173.78
1355.95
1917.17
1837.89
1545.51
1694.07
1394.0
907.35
1665.07
1217.99
1540.16
1205.42
1508.63
1848.41
1916.92
1939.48
1497.41
881.36
1860.51
1235.66
1643.0
1387.57
1706.45
1224.71
1046.15
1206.24
1685.7
1437.43
1582.01
1046.31
1669.52
1605.47
1753.19
1970.85
1674.86
475.82
1343.89
1138.06
1357.42
2167.85
820.99
1616.05
1801.77
1147.5
1288.41
1812.83
1788.41
1596.21
1676.12
599.93
808.29
1194.51
1542.88
1518.99
1647.76
1597.6
1560.93
1423.28
1571.45
780.09
1588.7
1813.51
1920.94
1895.25
1814.46
1529.2
916.23
935.11
1619.71
816.0
1475.02
1501.49
1583.49
854.93
1613.66
1916.77
927.35
1753.0
924.47
954.07
1734.49
1319.54
1787.13
1841.84
1565.69
977.34
1491.08
915.46
1378.3
1563.64
1126.19
1587.47
1564.24
1069.63
904.13
1477.02
1060.87
1828.32
1294.78
1243.98
1623.23
1460.97
830.78
1217.33
1541.13
925.0
659.98
652.34
487.51
1353.4
1779.83
690.69
1586.44
1566.41
1613.75
1548.82
1671.77
1877.04
865.34
1438.83
2115.98
1547.47
1759.1
1327.02
1279.72
1694.54
1324.75
1297.31
1048.48
1598.67
1709.59
1484.85
1170.98
1678.52
708.87
1030.05
978.39
1619.8
1074.4
1408.79
854.05
959.15
1399.35
990.64
789.34
445.77
1667.0
943.63
843.33
1876.34
772.47
1967.48
1376.17
1601.2
1825.87
1394.41
849.95
1789.91
1776.4
1784.02
699.3
943.6
996.1
1602.97
576.97
1471.1
1629.4
1482.91
1899.76
1132.19
1100.77
1706.15
1550.23
1936.21
1956.17
1498.14
1686.57
1712.36
700.58
1588.65
918.15
1790.36
1000.7
308.4
815.5
1228.3
1726.84
1849.65
959.36
1458.06
1272.28
834.63
1354.82
1641.55
1499.7
1625.34
1873.7
606.76
1579.8
831.73
1815.75
1153.08
1224.37
1046.71
1952.59
1371.06
1288.37
1952.74
1652.35
1223.22
1896.68
1601.87
1545.31
1968.18
1682.26
1152.95
1514.27
1395.32
1643.67
1195.54
1675.28
1112.34
1584.92
1632.8
1774.89
1778.59
2184.98
2078.38
725.62
1498.34
1737.72
1531.77
607.57
770.99
1133.98
2004.89
1349.08
1405.46
1776.42
854.08
1596.78
1566.81
1755.59
538.89
972.68
1703.02
1733.41
978.31
1142.63
1943.18
1755.93
1668.7
1687.53
1321.37
570.87
1894.01
1420.46
1215.43
2182.4
1423.97
1786.41
1231.98
1605.28
1739.72
1913.15
1743.89
890.17
1626.09
1280.84
1599.43
1882.31
1393.39
1724.94
1341.85
1743.03
806.29
710.06
1093.26
1348.12
1787.73
1132.64
1826.78
1250.33
1465.34
1448.59
1399.76
1431.43
1222.59
1938.16
1892.62
1267.34
873.01
1110.29
1484.49
2071.83
938.78
1785.28
1407.36
2095.0
1463.32
1907.71
709.39
1608.06
1349.02
1093.49
1448.24
1142.67
992.2
1595.37
1214.27
1797.01
1486.46
1333.62
1678.38
1448.98
1531.68
1364.44
2184.31
1540.87
1439.8
1141.27
1179.56
1892.99
1587.81
1545.75
785.27
1452.03
1768.42
1652.12
1786.5
2004.04
884.54
1520.36
1731.13
1629.19
891.61
1848.69
667.95
1563.57
1575.13
1495.43
1230.98
791.74
1180.27
1719.74
1083.77
1581.51
1728.29
1517.26
1744.79
1325.5
1885.58
1585.35
1618.06
1711.35
461.32
1282.64
1119.91
1764.9
1823.86
488.75
1158.75
1357.33
1660.04
1912.52
1356.54
1871.48
1864.99
1081.28
1601.0
1902.0
1594.38
1537.38
1477.91
1154.67
1895.03
1403.48
1269.78
1450.89
1764.3
1368.18
746.05
1406.76
1905.15
920.1
1459.45
1612.64
1329.75
1506.11
884.31
781.53
1689.4
1659.3
1163.06
1156.3
1870.92
1546.51
1802.68
612.22
1546.0
772.5
1310.84
1425.82
861.51
828.86
1430.38
788.01
1803.68
1338.47
1288.75
1893.02
1323.36
1512.68
1512.92
1316.55
1332.52
1303.38
1302.24
1655.57
921.89
713.22
894.31
551.85
2056.78
1712.2
1292.99
1145.69
489.16
1148.7
1416.57
1407.57
1269.97
2153.88
1280.11
1352.34
1519.48
1773.57
1784.38
1655.95
1678.39
1379.38
1740.12
1884.96
1459.69
1620.14
1549.51
718.12
1678.38
1259.3
1092.95
1845.78
1939.12
1897.34
1107.0
1605.51
877.84
894.51
1829.66
1151.46
1655.11
478.85
1425.0
1730.29
940.33
1593.32
1689.08
1856.5
263.73
1309.59
2010.47
1923.14
773.74
1324.0
1630.05
1808.88
1696.86
1936.74
1372.03
1529.0
770.23
1509.93
1093.82
743.4
1432.8
237.08
1877.28
704.98
680.6
1589.46
1311.68
2130.49
1244.59
1908.58
1952.56
869.35
1887.49
1558.38
2045.24
699.94
710.04
1650.55
1598.18
1614.1
633.04
1686.68
2133.22
1139.58
1157.82
745.88
1712.76
1793.25
1658.94
2047.67
1634.45
1544.45
567.01
1117.59
1744.93
1973.44
1711.37
1825.2
761.58
1634.33
1353.7
1964.45
1315.8
1359.58
1632.42
1617.66
806.78
1856.58
1325.13
1533.11
1857.8
1384.57
1270.21
1484.81
1931.86
800.54
896.82
1946.95
1684.91
564.43
1570.35
1502.7
1540.65
1830.64
1811.17
1171.29
945.43
1715.5
1504.87
1610.32
798.66
1452.52
916.8
1495.5
1332.11
1481.45
1883.49
1674.57
934.4
1642.35
1493.99
1193.15
1356.62
1820.99
1744.1
1644.69
1772.33
1443.54
1920.99
1646.99
1858.3
1854.9
1226.03
1332.52
1567.18
1215.19
1711.91
1685.24
1855.21
1463.68
1727.11
1986.37
581.4
1296.8
715.56
1728.47
1562.46
1641.03
1397.48
688.77
1353.23
1351.18
1411.01
1232.79
1803.49
1884.76
1277.16
1967.96
687.01
1565.33
959.05
1517.27
1184.72
1161.73
1649.61
1414.73
1143.27
632.02
1444.09
1435.98
1491.3
1794.43
1695.15
1513.63
1757.01
1734.48
1488.33
1544.99
1365.86
1253.73
1437.25
1950.32
1011.42
987.66
1942.74
727.78
1773.14
1564.01
1475.5
1405.01
1776.18
1340.38
1854.32
1796.41
987.59
1740.24
1202.18
726.23
1371.11
821.06
1778.37
1874.44
1533.97
1470.88
1660.34
319.32
1633.79
1170.96
1200.33
1688.36
1082.66
791.91
1748.73
882.83
1298.81
1722.34
759.83
1495.08
696.68
630.31
1402.56
1690.42
1172.89
1615.68
1403.81
1117.34
1885.74
1672.69
1596.3
1620.25
1441.08
1490.02
689.12
1717.9
1850.41
775.6
748.85
996.06
1693.8
1841.18
1136.79
1931.87
1264.59
1171.88
1925.71
1217.68
1923.91
832.17
1441.56
1552.28
896.98
1831.72
1303.68
1177.75
1754.43
1297.42
907.8
1801.72
1965.55
1608.37
1575.79
1228.11
1179.71
1282.43
1635.27
1300.93
1918.6
1536.29
1374.54
1262.56
788.75
1773.84
1553.41
1191.08
1491.75
1878.24
2116.93
771.35
1770.15
1727.03
792.1
320.26
1540.73
1369.69
1341.3
1113.64
715.53
1599.13
1696.16
1428.54
1705.75
1529.05
1384.31
992.81
1567.08
997.27
1127.37
1475.64
1173.51
1128.49
738.98
965.83
1764.96
2040.12
1751.16
1860.11
1203.58
1663.25
1655.53
1165.16
1311.17
1945.86
1216.92
1590.35
1667.31
1984.16
1490.51
1356.42
1470.78
1916.9
1004.03
897.95
1431.59
1537.97
956.65
1042.5
1164.98
1225.93
1799.17
1422.75
1350.22
1823.85
1562.22
1622.05
316.71
359.79
1953.43
1690.26
1053.49
1852.71
859.89
998.54
719.74
1657.78
1209.27
2010.43
841.52
1530.0
1413.76
717.15
1818.73
1142.77
665.57
1358.02
1730.73
1633.1
1278.3
1901.67
1435.21
647.67
1829.15
2046.38
1400.29
2069.0
1230.35
2127.78
1196.08
1817.71
875.86
1433.6
805.51
1161.06
1473.07
1515.18
1363.95
1550.7
727.74
730.2
1524.2
1289.18
1918.45
1866.61
1606.11
756.31
1350.03
1129.29
853.22
1624.02
873.88
1460.81
1338.76
1400.25
1436.91
1659.08
971.01
1030.07
1817.71
1349.6
1946.81
910.01
836.49
1839.81
979.02
1313.54
1667.93
1535.09
1299.03
216.87
1820.45
1297.54
2008.45
1366.01
1557.85
1244.64
1909.93
1748.7
1699.66
1616.38
1721.37
763.35
1860.07
1521.57
1476.78
1625.82
1791.24
1495.69
1384.22
1802.56
1753.62
1153.35
1740.37
1313.91
822.56
800.69
1411.68
1917.73
1200.04
947.05
1627.4
772.86
1574.78
1302.57
1154.65
1550.94
1548.56
1560.67
896.61
1744.05
1186.53
1116.58
1098.48
1465.4
1533.86
1550.06
1068.86
1349.14
875.36
1809.38
1248.27
1667.75
1126.33
2106.86
1813.83
1230.16
1855.78
1262.17
1765.43
1474.11
1196.91
1480.02
1550.82
1373.25
667.99
1631.77
1407.84
1020.02
2018.28
1326.94
1790.38
1115.78
1483.04
1154.61
1910.46
1545.26
1875.64
1620.43
1597.43
1751.32
943.03
1649.98
767.41
1378.94
1094.22
1224.55
1144.91
1987.71
1809.75
1560.12
1172.12
878.26
1485.32
2102.43
1786.88
620.2
1196.14
1152.04
1580.24
1487.95
1519.87
1604.95
1485.55
265.02
1541.73
1739.12
1405.14
1655.77
1049.75
1799.93
1813.54
1023.69
562.33
2111.65
1172.3
1734.11
1689.78
1334.62
1970.6
1232.23
1657.91
1803.38
530.57
1296.07
292.71
1772.79
815.27
877.21
1787.67
1892.23
836.27
1386.99
1544.77
1944.14
1808.53
396.63
1592.84
1118.58
1880.94
1248.72
1974.55
1956.74
2005.09
1474.47
1695.99
1211.28
1493.55
709.28
1697.19
1503.05
943.19
1147.97
1679.32
1370.92
1739.79
306.48
1717.05
1672.37
985.5
1087.59
765.99
1545.82
1090.31
1179.22
1238.88
1107.53
1535.78
1528.46
1083.89
1338.0
1578.76
1407.73
1519.88
1359.18
1774.59
1768.43
1146.02
1214.81
1052.92
1593.89
843.18
674.58
1282.65
862.1
1810.18
1351.29
909.01
1836.4
1104.1
1902.88
1341.52
1163.31
1388.93
758.7
1282.22
1291.47
1419.5
1841.87
853.99
1312.09
1419.26
1737.41
598.22
1445.27
1377.4
930.0
1879.1
1848.74
1054.77
1357.31
1253.76
1670.65
1681.31
1378.14
1156.23
787.89
2022.95
1164.57
1976.39
1158.23
755.03
1952.16
1398.88
1526.49
1189.79
1502.59
1544.15
1295.08
1212.91
856.14
1350.42
1344.73
1325.03
1417.08
762.73
1414.96
1105.75
1330.61
1402.57
1673.64
1962.47
1621.64
1234.69
1916.24
1050.2
1568.42
1102.92
1616.21
1271.62
1214.09
1581.75
1597.04
1703.94
764.02
1201.1
2086.9
1790.51
1705.85
1319.12
1937.96
1744.18
2012.78
1596.7
1535.25
1563.89
1849.81
1496.54
1207.99
1435.33
1508.72
1271.09
633.45
1090.8
1834.21
1291.77
1598.0
1853.61
1744.96
1486.59
881.26
1550.64
1855.38
372.55
1439.48
1378.26
1592.49
1604.17
1132.44
1401.15
712.24
575.07
1293.33
1651.4
1967.14
1844.26
1758.89
1450.98
1659.05
1671.2
1886.55
891.66
1738.92
606.52
912.94
1159.33
1453.92
994.35
1608.69
1185.22
1574.95
1609.66
1693.97
1411.2
1450.85
1691.02
1298.23
1599.01
1916.39
1590.25
1035.47
1274.48
1730.33
1158.99
1379.26
940.62
905.04
1517.86
1743.67
966.82
806.61
1167.47
1711.88
1396.02
1348.63
941.17
1809.8
1532.98
1607.12
1646.45
1395.02
1260.04
720.14
1388.04
903.86
860.38
1783.41
1952.83
1300.03
1959.7
898.64
1296.23
997.25
893.18
1049.81
1267.74
1552.25
1457.86
818.94
1498.0
1820.52
1473.0
1276.73
1692.64
1549.99
1938.15
1236.78
998.69
1396.12
1670.23
1317.34
1200.04
1518.0
1159.91
533.65
1630.4
1645.4
822.09
1181.53
1199.13
888.02
1630.44
1521.24
1109.9
1156.44
1609.63
1628.38
1707.88
1816.9
1486.51
1421.46
1699.08
1799.81
1680.65
1937.39
1790.33
1572.81
1678.23
1178.69
1465.37
1264.2
1153.54
1752.45
1352.77
1217.26
1659.24
714.36
1797.43
1229.96
1003.41
1013.9
1922.56
1543.29
1507.98
1670.68
1426.74
1574.44
843.84
1393.39
947.01
1500.15
1675.31
1033.48
1424.81
1490.54
1020.53
1273.15
892.04
1555.6
1805.49
955.47
1240.42
753.87
1539.42
477.94
1095.67
825.02
1458.0
1585.45
2042.73
2098.47
1361.56
1918.98
789.77
927.94
1894.47
1572.01
1328.45
1460.67
1508.04
1203.29
1909.26
1577.78
1055.98
2121.28
2095.55
1993.3
1638.4
1485.23
801.18
1564.7
1239.75
1510.03
1494.14
970.21
538.95
1931.68
1373.62
811.21
1449.06
1652.23
1245.52
1637.47
1919.43
996.59
762.83
1340.25
1714.5
731.27
724.23
590.64
1766.93
1664.54
1432.39
1867.49
1304.64
1865.47
1605.02
1363.03
1571.85
1938.78
1556.08
1267.92
1580.4
862.53
728.02
1529.79
1562.64
1607.96
1594.99
962.74
1793.62
1787.82
1653.96
1935.88
1605.34
1697.42
1457.64
2156.48
1784.11
1157.21
813.03
765.85
1771.03
1099.15
1640.31
1713.04
1526.0
1150.06
1420.69
1368.86
1524.92
835.92
1264.26
1812.63
780.83
1585.48
1063.54
1629.66
1467.01
1197.52
792.41
1481.63
1466.54
1494.87
1544.79
1225.33
1635.84
1267.89
1486.65
1378.11
1778.1
998.13
1766.9
1705.47
1579.46
549.01
591.9
1820.12
1085.66
843.76
1580.97
954.44
1650.93
1709.98
1492.89
1789.45
1654.06
1539.38
1860.39
1850.03
1274.97
1483.24
1500.18
1509.71
1132.39
1123.36
1525.45
1341.42
1246.99
1578.78
1634.42
1275.97
1512.37
1773.67
644.02
701.8
1685.54
1489.49
1397.8
1748.91
1637.48
1221.54
1070.5
1646.75
1380.16
1049.24
1881.47
1497.07
1849.23
1500.78
1723.76
1156.25
1470.75
1694.26
1774.47
2109.02
987.6
657.83
1230.89
1423.37
909.33
687.71
1827.73
1157.1
1833.81
1282.51
1738.58
1832.19
1700.24
900.57
1506.78
1663.16
1104.08
767.25
614.06
1230.26
1792.64
1602.14
703.64
1324.88
1512.22
1683.46
1538.54
1935.61
1990.85
1844.94
1477.42
1970.01
942.56
1130.47
478.33
1678.96
1482.2
1312.52
1530.83
1634.68
2132.37
1820.23
1752.97
1477.38
1382.04
1485.93
1607.3
2000.96
1900.64
1365.18
825.36
1630.99
1435.17
1211.64
1408.93
1386.54
1897.08
1158.5
1104.99
1232.43
477.32
1547.88
1573.68
1529.67
1456.05
1165.61
1160.85
1313.93
1090.52
548.46
1569.87
867.89
1598.67
1056.42
1887.25
945.51
1907.32
1825.5
1673.03
1608.67
1896.88
1323.4
1822.97
531.1
1160.76
2116.31
1051.21
1253.29
1452.38
1567.71
469.91
1470.94
1492.28
1317.02
1856.33
1863.33
385.85
1544.09
502.57
1649.87
1400.17
1627.72
1429.4
1776.33
1898.8
556.61
260.37
1300.62
1122.57
1167.95
1344.46
884.13
1759.42
877.68
1809.37
1542.5
781.74
822.97
1247.46
1676.46
1722.8
752.14
1617.52
1559.16
1077.23
591.23
702.52
1530.68
1227.55
1079.91
1455.57
888.53
1634.53
637.12
1225.47
1715.66
1609.36
1991.36
1611.46
1471.46
884.7
1747.41
773.96
1582.53
1188.98
1619.23
1310.7
1286.42
1494.81
1538.52
1545.72
1491.34
1874.46
1782.91
1802.08
824.05
1805.41
1283.83
1480.1
1925.96
1606.0
1683.29
765.1
1297.58
1281.22
1926.48
1442.26
1774.16
1748.36
788.45
1552.9
1671.98
1783.32
1126.3
1080.0
862.19
1481.55
2123.6
1066.94
1767.38
1569.85
1182.02
562.01
1670.44
851.94
1507.54
551.75
1140.85
1158.45
1306.16
1854.79
1991.95
895.46
1618.64
858.36
667.51
1350.65
1167.2
728.56
1524.5
1758.11
1179.56
1498.21
1182.71
1299.16
1532.05
1473.35
1031.43
1287.15
1312.09
474.8
579.98
1591.21
1189.02
1166.99
1014.1
1364.64
1041.15
886.46
1741.26
794.06
909.57
1447.44
1619.96
1586.29
1175.46
1577.62
1606.99
1625.06
1442.46
1872.88
1388.24
1612.58
1799.85
1078.33
1730.55
1485.02
1742.21
1386.46
1252.98
1716.67
1416.49
1845.54
1910.53
1893.09
1854.13
1597.73
1195.29
1590.05
1678.32
1275.75
1404.1
1117.3
1638.5
1970.85
1756.51
1933.82
1404.49
994.49
1388.64
1611.85
1445.07
1760.44
619.15
1439.64
514.35
1395.79
2008.98
1535.29
1586.96
954.58
808.91
1660.7
1367.8
1302.62
1490.64
1318.51
1909.82
1628.18
674.85
1251.92
1729.59
1266.19
1311.91
1508.14
1473.65
1150.94
752.67
558.0
1811.52
921.81
1716.59
1866.29
1588.94
1534.11
1955.38
863.25
1334.87
1495.95
1345.37
1260.11
722.27
1802.73
1616.29
1463.81
454.35
1121.41
1512.49
1564.76
946.14
1942.02
861.63
794.7
1415.08
1233.79
1828.15
1121.94
1140.59
1860.25
2046.93
1772.11
1333.28
1131.51
618.34
1635.92
1392.28
1712.03
453.51
1754.54
1622.71
1673.03
1560.0
1792.76
970.92
757.11
1718.33
1678.12
1613.31
1389.85
1157.11
1437.9
1078.9
965.03
1897.46
1027.31
1339.41
1397.71
1091.08
1134.74
1556.01
1923.01
1329.19
634.09
1456.89
1105.99
1611.66
1533.34
1246.37
1739.42
1475.84
1620.96
1916.83
1546.52
986.69
1443.69
2141.3
1157.99
1576.65
1528.29
1066.61
1290.04
1431.56
1083.28
1565.71
793.49
1431.83
1042.52
1250.93
1536.22
736.12
1393.18
1949.15
808.54
2109.58
963.86
1174.59
941.69
1599.95
1800.49
1366.01
1497.16
1297.16
975.72
774.77
1843.07
1199.99
1816.38
1664.01
1697.93
1062.75
1506.37
1447.84
1784.51
1165.01
1320.33
1671.95
768.76
1806.36
1880.49
1802.12
1795.81
1762.55
1139.08
1671.76
323.0
1392.27
1131.58
1358.75
845.16
2111.82
1375.83
1391.43
960.01
1954.11
937.15
188.88
899.53
991.77
1897.16
1965.17
1788.18
1626.48
1938.03
1184.94
1600.73
971.39
1186.14
1511.36
957.37
882.51
1691.26
1215.59
727.08
1416.88
1707.79
1425.8
1646.94
1915.88
1122.61
1936.18
1635.96
1497.56
1676.64
1335.72
1230.78
882.74
1094.47
562.32
1623.05
1646.96
1680.21
1501.05
1221.71
1320.65
1293.33
579.35
1786.65
1691.96
1418.47
1830.22
1567.3
1378.68
2063.59
836.29
1210.78
848.68
1616.32
1404.9
986.4
1222.72
1809.02
1735.52
1554.2
1388.83
790.72
2024.32
881.78
1406.96
1444.98
1295.06
1506.37
1321.54
1445.25
1173.26
1022.08
1967.03
1588.25
776.3
1805.67
1359.82
1608.84
635.23
1609.3
1381.22
541.61
1156.29
1480.6
320.22
1400.13
1195.24
1396.49
1650.75
1415.26
1312.96
1746.38
2142.67
624.53
1585.96
679.15
1632.61
1425.18
1191.76
1959.81
1581.23
1778.55
1495.11
1391.57
1914.83
1130.61
1742.83
1455.1
1363.8
1257.9
1767.39
512.97
1068.96
958.06
994.45
1754.23
766.23
1017.92
1859.83
1496.2
1228.39
374.36
1277.21
1166.72
1022.78
1168.68
806.6
1616.48
1636.25
1878.01
1453.63
1699.02
887.32
1601.98
1578.55
1610.05
1530.92
2163.13
1234.25
1520.52
1420.9
1230.94
1998.35
1793.36
1544.83
988.5
1667.14
802.5
1452.79
830.01
1806.18
1482.37
1268.27
1577.47
1572.28
2056.28
1626.99
253.45
1566.93
1710.8
1328.39
1024.74
1413.14
1549.27
1319.23
951.55
1913.93
1562.39
1535.3
2021.45
1952.79
1529.24
1300.39
1589.98
1640.2
1383.01
418.58
1619.53
1795.11
1366.2
1191.77
1766.57
677.35
529.5
587.69
1845.01
1291.93
